 5.130249882488111e+03  5.106095089097174e+03  5.107515488810826e+03  5.130488092506826e+03  5.109947740082492e+03  5.104070741752392e+03  5.129502482703654e+03  5.114212803944245e+03  5.101506565888083e+03  5.127371566190465e+03  5.118550528140373e+03  5.100027221997207e+03  5.124265090555045e+03  5.122615372048232e+03  5.099750553766001e+03  5.120430515865565e+03  5.106095089097174e+03  5.081940295706238e+03  5.083360695419889e+03  5.106333299115890e+03  5.085792946691555e+03  5.079915948361455e+03  5.105347689312717e+03  5.090058010553308e+03  5.077351772497146e+03  5.103216772799528e+03  5.094395734749436e+03  5.075872428606270e+03  5.100110297164108e+03  5.098460578657295e+03  5.075595760375064e+03  5.096275722474628e+03  5.107515488810826e+03  5.083360695419889e+03  5.084781095133540e+03  5.107753698829541e+03  5.087213346405206e+03  5.081336348075106e+03  5.106768089026368e+03  5.091478410266960e+03  5.078772172210797e+03  5.104637172513179e+03  5.095816134463087e+03  5.077292828319921e+03  5.101530696877760e+03  5.099880978370946e+03  5.077016160088715e+03  5.097696122188279e+03  5.130488092506826e+03  5.106333299115890e+03  5.107753698829541e+03  5.130726302525541e+03  5.110185950101206e+03  5.104308951771106e+03  5.129740692722368e+03  5.114451013962960e+03  5.101744775906797e+03  5.127609776209179e+03  5.118788738159087e+03  5.100265432015921e+03  5.124503300573760e+03  5.122853582066946e+03  5.099988763784715e+03  5.120668725884279e+03  5.109947740082492e+03  5.085792946691555e+03  5.087213346405206e+03  5.110185950101206e+03  5.089645597676871e+03  5.083768599346772e+03  5.109200340298034e+03  5.093910661538625e+03  5.081204423482463e+03  5.107069423784846e+03  5.098248385734753e+03  5.079725079591586e+03  5.103962948149425e+03  5.102313229642612e+03  5.079448411360380e+03  5.100128373459946e+03  5.104070741752392e+03  5.079915948361455e+03  5.081336348075106e+03  5.104308951771106e+03  5.083768599346772e+03  5.077891601016672e+03  5.103323341967935e+03  5.088033663208525e+03  5.075327425152364e+03  5.101192425454746e+03  5.092371387404653e+03  5.073848081261487e+03  5.098085949819325e+03  5.096436231312512e+03  5.073571413030281e+03  5.094251375129846e+03  5.129502482703654e+03  5.105347689312717e+03  5.106768089026368e+03  5.129740692722368e+03  5.109200340298034e+03  5.103323341967935e+03  5.128755082919196e+03  5.113465404159788e+03  5.100759166103626e+03  5.126624166406008e+03  5.117803128355916e+03  5.099279822212749e+03  5.123517690770587e+03  5.121867972263774e+03  5.099003153981543e+03  5.119683116081108e+03  5.114212803944245e+03  5.090058010553308e+03  5.091478410266960e+03  5.114451013962960e+03  5.093910661538625e+03  5.088033663208525e+03  5.113465404159788e+03  5.098175725400379e+03  5.085469487344217e+03  5.111334487646599e+03  5.102513449596507e+03  5.083990143453340e+03  5.108228012011179e+03  5.106578293504365e+03  5.083713475222135e+03  5.104393437321699e+03  5.101506565888083e+03  5.077351772497146e+03  5.078772172210797e+03  5.101744775906797e+03  5.081204423482463e+03  5.075327425152364e+03  5.100759166103626e+03  5.085469487344217e+03  5.072763249288055e+03  5.098628249590437e+03  5.089807211540345e+03  5.071283905397178e+03  5.095521773955016e+03  5.093872055448203e+03  5.071007237165973e+03  5.091687199265537e+03  5.127371566190465e+03  5.103216772799528e+03  5.104637172513179e+03  5.127609776209179e+03  5.107069423784846e+03  5.101192425454746e+03  5.126624166406008e+03  5.111334487646599e+03  5.098628249590437e+03  5.124493249892819e+03  5.115672211842727e+03  5.097148905699561e+03  5.121386774257398e+03  5.119737055750586e+03  5.096872237468355e+03  5.117552199567919e+03  5.118550528140373e+03  5.094395734749436e+03  5.095816134463087e+03  5.118788738159087e+03  5.098248385734753e+03  5.092371387404653e+03  5.117803128355916e+03  5.102513449596507e+03  5.089807211540345e+03  5.115672211842727e+03  5.106851173792635e+03  5.088327867649468e+03  5.112565736207306e+03  5.110916017700493e+03  5.088051199418262e+03  5.108731161517827e+03  5.100027221997207e+03  5.075872428606270e+03  5.077292828319921e+03  5.100265432015921e+03  5.079725079591586e+03  5.073848081261487e+03  5.099279822212749e+03  5.083990143453340e+03  5.071283905397178e+03  5.097148905699561e+03  5.088327867649468e+03  5.069804561506302e+03  5.094042430064140e+03  5.092392711557327e+03  5.069527893275095e+03  5.090207855374661e+03  5.124265090555045e+03  5.100110297164108e+03  5.101530696877760e+03  5.124503300573760e+03  5.103962948149425e+03  5.098085949819325e+03  5.123517690770587e+03  5.108228012011179e+03  5.095521773955016e+03  5.121386774257398e+03  5.112565736207306e+03  5.094042430064140e+03  5.118280298621979e+03  5.116630580115165e+03  5.093765761832934e+03  5.114445723932498e+03  5.122615372048232e+03  5.098460578657295e+03  5.099880978370946e+03  5.122853582066946e+03  5.102313229642612e+03  5.096436231312512e+03  5.121867972263774e+03  5.106578293504365e+03  5.093872055448203e+03  5.119737055750586e+03  5.110916017700493e+03  5.092392711557327e+03  5.116630580115165e+03  5.114980861608352e+03  5.092116043326120e+03  5.112796005425686e+03  5.099750553766001e+03  5.075595760375064e+03  5.077016160088715e+03  5.099988763784715e+03  5.079448411360380e+03  5.073571413030281e+03  5.099003153981543e+03  5.083713475222135e+03  5.071007237165973e+03  5.096872237468355e+03  5.088051199418262e+03  5.069527893275095e+03  5.093765761832934e+03  5.092116043326120e+03  5.069251225043889e+03  5.089931187143455e+03  5.120430515865565e+03  5.096275722474628e+03  5.097696122188279e+03  5.120668725884279e+03  5.100128373459946e+03  5.094251375129846e+03  5.119683116081108e+03  5.104393437321699e+03  5.091687199265537e+03  5.117552199567919e+03  5.108731161517827e+03  5.090207855374661e+03  5.114445723932498e+03  5.112796005425686e+03  5.089931187143455e+03  5.110611149243019e+03 
