 5.130842512701171e+03  5.115421256763797e+03  5.100000000000000e+03  5.115421255110953e+03  5.130842512701171e+03  5.115421258416641e+03  5.100000000000000e+03  5.115421253458108e+03  5.130842512701171e+03  5.115421260069485e+03  5.100000000000001e+03  5.115421251805265e+03  5.130842512701171e+03  5.115421261722328e+03  5.100000000000001e+03  5.115421250152421e+03  5.115421256763797e+03  5.100000000826422e+03  5.084578744062625e+03  5.099999999173578e+03  5.115421256763796e+03  5.100000002479266e+03  5.084578744062625e+03  5.099999997520734e+03  5.115421256763796e+03  5.100000004132110e+03  5.084578744062626e+03  5.099999995867890e+03  5.115421256763796e+03  5.100000005784954e+03  5.084578744062626e+03  5.099999994215046e+03  5.100000000000000e+03  5.084578744062625e+03  5.069157487298829e+03  5.084578742409782e+03  5.100000000000000e+03  5.084578745715469e+03  5.069157487298829e+03  5.084578740756938e+03  5.100000000000000e+03  5.084578747368313e+03  5.069157487298829e+03  5.084578739104094e+03  5.099999999999999e+03  5.084578749021157e+03  5.069157487298830e+03  5.084578737451250e+03  5.115421255110953e+03  5.099999999173578e+03  5.084578742409782e+03  5.099999997520734e+03  5.115421255110952e+03  5.100000000826422e+03  5.084578742409782e+03  5.099999995867890e+03  5.115421255110952e+03  5.100000002479266e+03  5.084578742409783e+03  5.099999994215046e+03  5.115421255110952e+03  5.100000004132110e+03  5.084578742409783e+03  5.099999992562202e+03  5.130842512701171e+03  5.115421256763796e+03  5.100000000000000e+03  5.115421255110952e+03  5.130842512701171e+03  5.115421258416641e+03  5.100000000000000e+03  5.115421253458108e+03  5.130842512701171e+03  5.115421260069485e+03  5.100000000000001e+03  5.115421251805265e+03  5.130842512701171e+03  5.115421261722328e+03  5.100000000000001e+03  5.115421250152421e+03  5.115421258416641e+03  5.100000002479266e+03  5.084578745715469e+03  5.100000000826422e+03  5.115421258416641e+03  5.100000004132110e+03  5.084578745715469e+03  5.099999999173578e+03  5.115421258416640e+03  5.100000005784954e+03  5.084578745715470e+03  5.099999997520734e+03  5.115421258416640e+03  5.100000007437798e+03  5.084578745715470e+03  5.099999995867890e+03  5.100000000000000e+03  5.084578744062625e+03  5.069157487298829e+03  5.084578742409782e+03  5.100000000000000e+03  5.084578745715469e+03  5.069157487298829e+03  5.084578740756938e+03  5.100000000000000e+03  5.084578747368313e+03  5.069157487298829e+03  5.084578739104094e+03  5.099999999999999e+03  5.084578749021157e+03  5.069157487298830e+03  5.084578737451250e+03  5.115421253458108e+03  5.099999997520734e+03  5.084578740756938e+03  5.099999995867890e+03  5.115421253458108e+03  5.099999999173578e+03  5.084578740756938e+03  5.099999994215046e+03  5.115421253458108e+03  5.100000000826422e+03  5.084578740756938e+03  5.099999992562202e+03  5.115421253458108e+03  5.100000002479266e+03  5.084578740756939e+03  5.099999990909359e+03  5.130842512701171e+03  5.115421256763796e+03  5.100000000000000e+03  5.115421255110952e+03  5.130842512701171e+03  5.115421258416640e+03  5.100000000000000e+03  5.115421253458108e+03  5.130842512701171e+03  5.115421260069484e+03  5.100000000000000e+03  5.115421251805265e+03  5.130842512701170e+03  5.115421261722327e+03  5.100000000000001e+03  5.115421250152421e+03  5.115421260069485e+03  5.100000004132110e+03  5.084578747368313e+03  5.100000002479266e+03  5.115421260069485e+03  5.100000005784954e+03  5.084578747368313e+03  5.100000000826422e+03  5.115421260069484e+03  5.100000007437798e+03  5.084578747368314e+03  5.099999999173578e+03  5.115421260069484e+03  5.100000009090641e+03  5.084578747368314e+03  5.099999997520734e+03  5.100000000000001e+03  5.084578744062626e+03  5.069157487298829e+03  5.084578742409783e+03  5.100000000000001e+03  5.084578745715470e+03  5.069157487298829e+03  5.084578740756938e+03  5.100000000000000e+03  5.084578747368314e+03  5.069157487298830e+03  5.084578739104094e+03  5.100000000000000e+03  5.084578749021158e+03  5.069157487298830e+03  5.084578737451250e+03  5.115421251805265e+03  5.099999995867890e+03  5.084578739104094e+03  5.099999994215046e+03  5.115421251805265e+03  5.099999997520734e+03  5.084578739104094e+03  5.099999992562202e+03  5.115421251805265e+03  5.099999999173578e+03  5.084578739104094e+03  5.099999990909359e+03  5.115421251805265e+03  5.100000000826422e+03  5.084578739104095e+03  5.099999989256515e+03  5.130842512701171e+03  5.115421256763796e+03  5.099999999999999e+03  5.115421255110952e+03  5.130842512701171e+03  5.115421258416640e+03  5.099999999999999e+03  5.115421253458108e+03  5.130842512701170e+03  5.115421260069484e+03  5.100000000000000e+03  5.115421251805265e+03  5.130842512701170e+03  5.115421261722327e+03  5.100000000000000e+03  5.115421250152420e+03  5.115421261722328e+03  5.100000005784954e+03  5.084578749021157e+03  5.100000004132110e+03  5.115421261722328e+03  5.100000007437798e+03  5.084578749021157e+03  5.100000002479266e+03  5.115421261722327e+03  5.100000009090641e+03  5.084578749021158e+03  5.100000000826422e+03  5.115421261722327e+03  5.100000010743485e+03  5.084578749021158e+03  5.099999999173578e+03  5.100000000000001e+03  5.084578744062626e+03  5.069157487298830e+03  5.084578742409783e+03  5.100000000000001e+03  5.084578745715470e+03  5.069157487298830e+03  5.084578740756939e+03  5.100000000000001e+03  5.084578747368314e+03  5.069157487298830e+03  5.084578739104095e+03  5.100000000000000e+03  5.084578749021158e+03  5.069157487298831e+03  5.084578737451251e+03  5.115421250152421e+03  5.099999994215046e+03  5.084578737451250e+03  5.099999992562202e+03  5.115421250152421e+03  5.099999995867890e+03  5.084578737451250e+03  5.099999990909359e+03  5.115421250152421e+03  5.099999997520734e+03  5.084578737451250e+03  5.099999989256515e+03  5.115421250152420e+03  5.099999999173578e+03  5.084578737451251e+03  5.099999987603671e+03 
